accuracy = 39.9036945742
precision = 49.4147051235
recall = 39.9036945742
fscore = 40.4039949089
