accuracy = 0.250996015936
precision = 0.398753513342
recall = 0.250996015936
fscore = 0.268509517209
