accuracy = 0.135372180343
precision = 0.390014362244
recall = 0.135372180343
fscore = 0.172018362249
